function F = root2d(x)

F(1) = 2 * x(1) * x(2) + x(3) - 1229;
F(2) = 2 * x(1) * x(2) * x(3) + x(2)^2 - 2.493e06;
F(3) = x(2)^2 * x(3) -2.653e09;